wandb_version: 1

d_learning_rate:
  value: 0.0006733794340440481
g_learning_rate:
  value: 0.0004890233365512396
