wandb_version: 1

d_learning_rate:
  value: 0.0008268385680538904
g_learning_rate:
  value: 0.00026001950870069084
