wandb_version: 1

d_learning_rate:
  value: 0.0002369804521608693
g_learning_rate:
  value: 0.0006085266253730228
