wandb_version: 1

d_learning_rate:
  value: 0.0009256776991609048
g_learning_rate:
  value: 0.0006832071465681341
