wandb_version: 1

d_learning_rate:
  value: 0.0004433352101860923
g_learning_rate:
  value: 0.00096772112361495
