wandb_version: 1

d_learning_rate:
  value: 0.0003392114659803926
g_learning_rate:
  value: 0.0004093719791924182
