wandb_version: 1

d_learning_rate:
  value: 0.00032871969108788754
g_learning_rate:
  value: 0.0009832107236285748
