wandb_version: 1

d_learning_rate:
  value: 0.0005205543097750372
g_learning_rate:
  value: 0.0005316312663365927
