wandb_version: 1

d_learning_rate:
  value: 0.00019449329535815784
g_learning_rate:
  value: 0.0003038866576392267
