wandb_version: 1

d_learning_rate:
  value: 0.0007917730167342792
g_learning_rate:
  value: 0.0006938032738464251
