wandb_version: 1

d_learning_rate:
  value: 0.000537651609846526
g_learning_rate:
  value: 0.000559596846895202
