wandb_version: 1

d_learning_rate:
  value: 0.0009941432508270745
g_learning_rate:
  value: 6.434290292744188e-05
