wandb_version: 1

d_learning_rate:
  value: 0.0005626782881511219
g_learning_rate:
  value: 0.0002127815139479334
