wandb_version: 1

d_learning_rate:
  value: 0.000987715931426199
g_learning_rate:
  value: 5.317796271895961e-05
