wandb_version: 1

d_learning_rate:
  value: 0.0006638077506471888
g_learning_rate:
  value: 0.0003077818548103545
