wandb_version: 1

d_learning_rate:
  value: 0.0003665250960380983
g_learning_rate:
  value: 0.0005118442390865089
