wandb_version: 1

d_learning_rate:
  value: 0.000160538854387665
g_learning_rate:
  value: 0.0005557789786059115
