wandb_version: 1

d_learning_rate:
  value: 0.0009603953718126678
g_learning_rate:
  value: 0.0009749598286547462
