wandb_version: 1

d_learning_rate:
  value: 0.000886251934378465
g_learning_rate:
  value: 0.0008264070253589756
