wandb_version: 1

d_learning_rate:
  value: 0.00011819514366321848
g_learning_rate:
  value: 0.0008768018274069837
