wandb_version: 1

d_learning_rate:
  value: 0.0004377073779387068
g_learning_rate:
  value: 0.0006848618216707138
