wandb_version: 1

d_learning_rate:
  value: 0.00029676495843221964
g_learning_rate:
  value: 0.0005305041041892256
