wandb_version: 1

d_learning_rate:
  value: 0.0003097232909995377
g_learning_rate:
  value: 5.994695597532339e-05
