wandb_version: 1

d_learning_rate:
  value: 0.0007466349390871263
g_learning_rate:
  value: 0.0005299142544542867
