wandb_version: 1

d_learning_rate:
  value: 9.599897005323706e-05
g_learning_rate:
  value: 0.000376480348096623
