wandb_version: 1

d_learning_rate:
  value: 0.00025415962773237997
g_learning_rate:
  value: 9.641163131175797e-05
