wandb_version: 1

d_learning_rate:
  value: 0.001528239003043984
g_learning_rate:
  value: 0.0007229597050371137
