wandb_version: 1

d_learning_rate:
  value: 0.0004045229598229029
g_learning_rate:
  value: 0.00023613408118383937
