wandb_version: 1

d_learning_rate:
  value: 9.615987359002643e-05
g_learning_rate:
  value: 0.0016942972972836862
