wandb_version: 1

d_learning_rate:
  value: 0.0006976516715483829
g_learning_rate:
  value: 0.0008532725040401256
