wandb_version: 1

d_learning_rate:
  value: 0.00037845904388735105
g_learning_rate:
  value: 0.00014735213697934994
