wandb_version: 1

d_learning_rate:
  value: 0.0009497281460897796
g_learning_rate:
  value: 0.00010692730073268016
