wandb_version: 1

d_learning_rate:
  value: 0.0003930926489430105
g_learning_rate:
  value: 0.0007690040454412252
