wandb_version: 1

d_learning_rate:
  value: 0.0004063758428100128
g_learning_rate:
  value: 0.00013155398914593434
