wandb_version: 1

d_learning_rate:
  value: 0.0009519276724655274
g_learning_rate:
  value: 0.00022274733900572223
