wandb_version: 1

d_learning_rate:
  value: 0.00047959698876797656
g_learning_rate:
  value: 0.00014322837868335154
