wandb_version: 1

d_learning_rate:
  value: 0.0001070338572209106
g_learning_rate:
  value: 0.0007514673567714848
