wandb_version: 1

d_learning_rate:
  value: 0.0004389249181815722
g_learning_rate:
  value: 0.0007746081321466278
