wandb_version: 1

d_learning_rate:
  value: 0.00014577338203320528
g_learning_rate:
  value: 0.00011577740308141032
