wandb_version: 1

d_learning_rate:
  value: 0.0009050601414531612
g_learning_rate:
  value: 0.0007488756643424997
