wandb_version: 1

d_learning_rate:
  value: 0.000764163790654845
g_learning_rate:
  value: 0.0007672925826006917
